NOV (NUMBER OF VORTICES)
100
X0  Y0  GAM
0.000000	-0.990000	-14.035848
0.000000	-0.970000	-7.980094
0.000000	-0.950000	-6.084870
0.000000	-0.930000	-5.060405
0.000000	-0.910000	-4.389686
0.000000	-0.890000	-3.903847
0.000000	-0.870000	-3.529042
0.000000	-0.850000	-3.227137
0.000000	-0.830000	-2.976172
0.000000	-0.810000	-2.762479
0.000000	-0.790000	-2.577039
0.000000	-0.770000	-2.413627
0.000000	-0.750000	-2.267787
0.000000	-0.730000	-2.136230
0.000000	-0.710000	-2.016468
0.000000	-0.690000	-1.906579
0.000000	-0.670000	-1.805051
0.000000	-0.650000	-1.710674
0.000000	-0.630000	-1.622467
0.000000	-0.610000	-1.539624
0.000000	-0.590000	-1.461475
0.000000	-0.570000	-1.387461
0.000000	-0.550000	-1.317106
0.000000	-0.530000	-1.250003
0.000000	-0.510000	-1.185806
0.000000	-0.490000	-1.124211
0.000000	-0.470000	-1.064955
0.000000	-0.450000	-1.007807
0.000000	-0.430000	-0.952561
0.000000	-0.410000	-0.899039
0.000000	-0.390000	-0.847076
0.000000	-0.370000	-0.796528
0.000000	-0.350000	-0.747265
0.000000	-0.330000	-0.699167
0.000000	-0.310000	-0.652126
0.000000	-0.290000	-0.606044
0.000000	-0.270000	-0.560829
0.000000	-0.250000	-0.516398
0.000000	-0.230000	-0.472672
0.000000	-0.210000	-0.429579
0.000000	-0.190000	-0.387050
0.000000	-0.170000	-0.345022
0.000000	-0.150000	-0.303433
0.000000	-0.130000	-0.262225
0.000000	-0.110000	-0.221343
0.000000	-0.090000	-0.180733
0.000000	-0.070000	-0.140344
0.000000	-0.050000	-0.100125
0.000000	-0.030000	-0.060027
0.000000	-0.010000	-0.020001
0.000000	0.010000	0.020001
0.000000	0.030000	0.060027
0.000000	0.050000	0.100125
0.000000	0.070000	0.140344
0.000000	0.090000	0.180733
0.000000	0.110000	0.221343
0.000000	0.130000	0.262225
0.000000	0.150000	0.303433
0.000000	0.170000	0.345022
0.000000	0.190000	0.387050
0.000000	0.210000	0.429579
0.000000	0.230000	0.472672
0.000000	0.250000	0.516398
0.000000	0.270000	0.560829
0.000000	0.290000	0.606044
0.000000	0.310000	0.652126
0.000000	0.330000	0.699167
0.000000	0.350000	0.747265
0.000000	0.370000	0.796528
0.000000	0.390000	0.847076
0.000000	0.410000	0.899039
0.000000	0.430000	0.952561
0.000000	0.450000	1.007807
0.000000	0.470000	1.064955
0.000000	0.490000	1.124211
0.000000	0.510000	1.185806
0.000000	0.530000	1.250003
0.000000	0.550000	1.317106
0.000000	0.570000	1.387461
0.000000	0.590000	1.461475
0.000000	0.610000	1.539624
0.000000	0.630000	1.622467
0.000000	0.650000	1.710674
0.000000	0.670000	1.805051
0.000000	0.690000	1.906579
0.000000	0.710000	2.016468
0.000000	0.730000	2.136230
0.000000	0.750000	2.267787
0.000000	0.770000	2.413627
0.000000	0.790000	2.577039
0.000000	0.810000	2.762479
0.000000	0.830000	2.976172
0.000000	0.850000	3.227137
0.000000	0.870000	3.529042
0.000000	0.890000	3.903847
0.000000	0.910000	4.389686
0.000000	0.930000	5.060405
0.000000	0.950000	6.084870
0.000000	0.970000	7.980094
0.000000	0.990000	14.035848
NTST	DT
100000   1.E-5
